41328
68819
36276
14880
19990
56781
37738
45250
25120
21860
22235
99664
33676
16209
45836
21143
68624
30481
82571
33439
95264
80613
16875
135
62686
95913
21226
50771
23514
37081
11700
81194
22253
47976
96074
42243
21110
50164
87493
46230
72024
26080
62246
5700
42289
8083
43196
27265
54916
42119
60705
66532
22733
93932
66668
1771
6197
87894
68894
29712
41327
80594
27258
79932
44923
23333
22175
66033
73497
26020
28615
61874
68453
90861
67574
27094
15296
27122
70712
86565
69242
31417
53097
8327
41701
36117
10098
47899
24011
78993
93963
81691
75939
21221
61623
20862
60906
151
3247
50756
